BioNavigator Version	0.6.2.70	PamGrid Version	QuantitationType	Median_SigmBg	Protocol file name																																																																				4.20.17C-F-MDate	"Wed, 03 May 2017 08:32:21 GMT"																											
					Barcode	710044721	710044721	710044721	710044721	710044721	710044721	710044721	710044721	710044721	710044721	710044721	710044721	710044723	710044723	710044723	710044723	710044723	710044723	710044723	710044723	710044723	710044723	710044723	710044723	710044721	710044721	710044721	710044721	710044721	710044721	710044721	710044721	710044721	710044721	710044721	710044721	710044723	710044723	710044723	710044723	710044723	710044723	710044723	710044723	710044723	710044723	710044723	710044723	710044723	710044723	710044723	710044723	710044723	710044723	710044723	710044723	710044723	710044723	710044723	710044723	710044721	710044721	710044721	710044721	710044721	710044721	710044721	710044721	710044721	710044721	710044721	710044721	710044721	710044721	710044721	710044721	710044721	710044721	710044721	710044721	710044721	710044721	710044721	710044721	710044723	710044723	710044723	710044723	710044723	710044723	710044723	710044723	710044723	710044723	710044723	710044723
					Array	A4	A4	A4	A4	A4	A4	A4	A4	A4	A4	A4	A4	A4	A4	A4	A4	A4	A4	A4	A4	A4	A4	A4	A4	A3	A3	A3	A3	A3	A3	A3	A3	A3	A3	A3	A3	A2	A2	A2	A2	A2	A2	A2	A2	A2	A2	A2	A2	A3	A3	A3	A3	A3	A3	A3	A3	A3	A3	A3	A3	A1	A1	A1	A1	A1	A1	A1	A1	A1	A1	A1	A1	A2	A2	A2	A2	A2	A2	A2	A2	A2	A2	A2	A2	A1	A1	A1	A1	A1	A1	A1	A1	A1	A1	A1	A1
					Cycle	62	72	82	92	102	112	122	124	124	124	124	124	62	72	82	92	102	112	122	124	124	124	124	124	62	72	82	92	102	112	122	124	124	124	124	124	62	72	82	92	102	112	122	124	124	124	124	124	62	72	82	92	102	112	122	124	124	124	124	124	62	72	82	92	102	112	122	124	124	124	124	124	62	72	82	92	102	112	122	124	124	124	124	124	62	72	82	92	102	112	122	124	124	124	124	124
					Sample name	C1	C1	C1	C1	C1	C1	C1	C1	C1	C1	C1	C1	C2	C2	C2	C2	C2	C2	C2	C2	C2	C2	C2	C2	F1	F1	F1	F1	F1	F1	F1	F1	F1	F1	F1	F1	F2	F2	F2	F2	F2	F2	F2	F2	F2	F2	F2	F2	F3	F3	F3	F3	F3	F3	F3	F3	F3	F3	F3	F3	M1	M1	M1	M1	M1	M1	M1	M1	M1	M1	M1	M1	M2	M2	M2	M2	M2	M2	M2	M2	M2	M2	M2	M2	M3	M3	M3	M3	M3	M3	M3	M3	M3	M3	M3	M3
					Comment 1	C	C	C	C	C	C	C	C	C	C	C	C	C	C	C	C	C	C	C	C	C	C	C	C	F	F	F	F	F	F	F	F	F	F	F	F	F	F	F	F	F	F	F	F	F	F	F	F	F	F	F	F	F	F	F	F	F	F	F	F	M	M	M	M	M	M	M	M	M	M	M	M	M	M	M	M	M	M	M	M	M	M	M	M	M	M	M	M	M	M	M	M	M	M	M	M
					Exposure time	50	50	50	50	50	50	50	10	20	50	100	200	50	50	50	50	50	50	50	10	20	50	100	200	50	50	50	50	50	50	50	10	20	50	100	200	50	50	50	50	50	50	50	10	20	50	100	200	50	50	50	50	50	50	50	10	20	50	100	200	50	50	50	50	50	50	50	10	20	50	100	200	50	50	50	50	50	50	50	10	20	50	100	200	50	50	50	50	50	50	50	10	20	50	100	200
ID	UniprotAccession	Sequence	Ser	Thr																																																																																																	
PDPK1_27_39	O15530	SMVRTQTESSTPP	"[27, 35, 36]"	"[31, 33, 37]"		0	-1	1	1	0	0	1	-1	-2	-1	0	2	0	1	0	-1	1	2	-1	0	-1	0	1	1	2	-2	1	0	1	0	0	1	0	1	0	2	1	-1	-1	-1	-1	0	-1	-1	0	0	0	0	1	0	-1	-1	1	2	1	0	-1	1	1	1	0	0	1	-1	2	-1	-1	1	0	1	-1	2	0	0	1	0	0	0	0	0	-1	0	1	0	0	1	0	-1	1	1	2	-1	1	1	0	1
K6PL_766_778	P17858	LEHVTRRTLSMDK	[775]	"[770, 773]"		3	2	8	9	10	12	11	3	3	13	22	45	2	6	5	6	8	8	7	2	1	7	15	27	4	9	11	10	10	12	11	2	6	13	26	51	3	7	10	11	12	11	10	3	3	14	21	46	2	5	8	9	8	8	7	2	2	8	15	29	6	7	10	12	11	11	12	3	5	11	22	43	4	10	11	11	12	11	13	1	4	15	23	53	3	7	7	10	11	11	11	3	3	10	22	46
YAP1_121_133	P46937	QHVRAHSSPASLQ	"[127, 128, 131]"	[]		2	0	1	0	0	-2	0	-1	0	0	-1	-4	1	1	1	0	0	1	-1	2	0	1	-2	-1	-1	0	-1	-1	1	1	1	0	-1	2	1	-1	1	-1	0	0	0	0	0	0	-1	0	1	2	2	1	0	0	0	1	0	-1	0	1	-1	-1	-3	-1	1	0	0	1	0	-2	0	1	-1	-1	-1	0	0	1	1	1	0	0	-1	1	1	-1	0	-1	0	0	1	-1	1	0	1	1	0	2
ANDR_785_797	P10275	VRMRHLSQEFGWL	[791]	[]		2	0	-1	1	1	0	1	0	0	1	1	1	-1	1	0	2	3	1	3	0	2	1	2	4	0	3	-1	2	2	2	2	0	2	1	3	4	0	3	0	-3	0	0	0	0	1	0	1	4	0	1	-1	2	1	1	1	2	-1	1	1	3	1	-1	0	2	2	1	1	0	1	0	3	3	1	0	1	1	3	0	1	1	1	0	3	3	2	3	0	3	3	3	2	1	-1	3	3	6
ANXA1_209_221	P04083	AGERRKGTDVNVF	[]	[216]		2	6	7	9	6	11	11	1	4	9	22	36	3	7	12	11	14	13	14	3	6	13	24	53	2	10	12	13	14	18	18	4	6	17	35	72	5	8	12	12	16	15	14	3	5	14	29	63	3	5	7	8	7	9	9	2	4	6	17	35	1	3	5	7	6	3	5	1	2	6	11	24	1	4	7	9	6	6	6	1	3	7	13	26	3	9	14	13	15	18	18	4	6	14	35	66
BAD_69_81	Q92934	IRSRHSSYPAGTE	"[71, 74, 75]"	[80]		2	5	5	7	4	7	10	2	2	9	12	25	3	3	3	3	6	5	4	1	3	5	10	16	2	5	7	7	9	6	9	2	5	9	16	32	0	5	6	7	11	9	7	1	3	7	16	29	2	3	2	4	3	1	-2	1	1	4	7	16	1	3	4	7	4	6	4	1	2	6	10	18	3	5	5	7	6	5	7	2	3	5	13	21	3	5	6	6	8	8	8	1	3	7	13	25
BAD_112_124	Q92934	RELRRMSDEFVDS	"[118, 124]"	[]		15	48	79	97	116	130	145	31	60	152	301	584	13	44	63	79	92	98	113	23	45	111	217	443	18	57	89	112	132	153	167	33	68	172	341	678	13	48	73	94	111	125	137	26	54	137	270	540	15	37	56	70	84	92	102	21	41	102	205	403	13	34	53	66	78	91	97	21	38	96	190	380	14	41	58	73	85	96	106	21	43	104	208	409	14	49	73	93	110	123	136	27	54	135	268	535
BAD_93_105	Q92934	FRGRSRSAPPNLW	"[97, 99]"	[]		12	28	42	50	54	60	68	13	27	70	132	272	10	25	36	40	44	48	53	10	20	54	104	206	13	34	46	57	61	68	74	14	30	74	148	297	11	36	48	58	68	75	78	14	30	78	156	308	9	22	30	36	37	43	46	10	19	46	93	185	10	28	38	47	50	56	61	12	24	58	112	228	10	28	39	45	50	56	58	13	23	59	117	235	13	34	47	55	65	72	72	16	30	77	151	304
ADDB_706_718	P35612	KKKFRTPSFLKKS	"[713, 718]"	[711]		2	4	5	4	4	5	4	1	4	5	10	14	0	2	4	2	3	3	4	-1	3	2	6	15	4	6	8	6	8	9	10	2	3	8	16	32	4	4	4	7	5	5	7	2	3	7	10	23	1	1	2	5	6	5	5	2	2	3	10	14	3	3	4	4	3	4	5	1	2	3	8	14	0	1	3	1	4	-1	4	1	1	3	6	11	2	4	5	4	6	7	5	1	3	6	12	22
ADDB_696_708	P35612	GSPSKSPSKKKKK	"[697, 699, 701, 703]"	[]		0	1	1	0	2	2	1	0	-1	2	2	5	2	0	1	3	2	2	2	-1	0	1	3	5	3	3	1	2	2	3	1	0	1	2	5	7	2	2	1	2	2	3	0	1	0	1	4	8	3	1	2	0	3	2	-1	1	1	1	5	7	1	2	1	1	2	0	1	1	0	2	3	6	0	0	-1	-2	0	-1	0	-2	-1	2	2	4	1	3	3	2	1	2	0	-1	1	2	5	8
BRCA1_1451_1463	P38398	EKAVLTSQKSSEY	"[1457, 1460, 1461]"	[1456]		0	-1	1	0	-1	-1	0	-1	1	1	1	2	0	2	-1	0	1	3	0	0	0	1	0	2	-1	0	-1	0	-1	1	-1	0	1	-2	2	-6	2	-2	-2	1	1	0	2	0	0	0	2	2	2	-1	1	0	2	2	2	0	0	0	0	2	2	1	-1	0	1	0	0	1	1	0	1	2	-1	0	2	0	-1	2	0	0	1	1	2	2	-1	2	1	1	0	3	0	1	-1	1	0	2
REL_260_272	Q04864	KMQLRRPSDQEVS	"[267, 272]"	[]		6	11	16	18	19	21	23	6	8	24	44	92	3	15	16	20	19	22	21	4	9	22	42	91	4	13	16	18	22	19	21	4	8	21	41	87	4	14	17	20	23	26	26	4	10	23	50	99	3	8	11	12	11	14	16	4	7	14	26	56	6	12	15	19	21	21	22	4	6	20	41	80	5	13	17	20	23	25	26	5	8	24	49	99	6	9	18	20	22	22	23	5	10	22	47	93
CD27_212_224	P26842	HQRRKYRSNKGES	"[219, 224]"	[]		0	1	2	2	3	2	2	0	1	1	3	6	0	2	3	0	1	1	1	1	2	1	2	3	1	2	4	4	3	3	4	1	3	4	7	14	2	0	3	5	3	4	4	1	-1	3	4	11	0	2	2	1	2	2	4	0	2	2	3	7	2	2	0	3	1	4	3	0	2	2	5	7	1	2	2	2	0	1	3	0	1	1	4	5	2	3	2	3	5	5	4	0	3	2	6	13
CSK21_355_367	P68400	ISSVPTPSPLGPL	"[356, 357, 362]"	[360]		0	0	1	0	2	0	1	-1	0	0	0	0	-1	-1	0	-1	0	1	-1	0	0	0	-1	0	-1	-2	-1	-1	1	1	0	1	-1	0	-1	0	0	0	1	1	-1	-1	-2	0	1	-1	-1	-4	0	0	-1	-1	0	1	1	0	-2	-1	0	-1	0	2	0	-1	0	0	0	0	-1	0	0	-1	0	0	-3	1	1	0	2	-1	0	0	0	-1	2	1	-1	1	-1	0	-1	0	0	-1	-1	-1
CDC2_154_169	P06493	GIPIRVYTHEVVTLWY	[]	"[161, 166]"		2	0	1	2	1	0	0	0	1	1	1	6	1	2	-1	0	1	2	2	0	-1	3	2	3	1	1	2	2	3	1	3	0	-1	2	4	8	1	-1	2	0	0	3	2	0	1	2	4	9	0	2	2	1	1	0	3	0	0	2	3	6	0	1	0	2	-1	2	2	1	-1	0	1	5	2	1	0	1	1	2	1	0	-1	2	1	4	1	3	4	1	1	0	1	0	0	2	2	8
CDK7_163_175	P50613	GSPNRAYTHQVVT	[164]	"[170, 175]"		2	1	2	2	0	1	-2	1	0	0	1	5	2	0	-1	2	2	0	1	1	0	0	2	4	1	2	3	3	1	2	4	2	2	1	7	13	1	1	1	2	0	2	2	0	1	1	3	6	0	2	2	1	0	2	2	1	-1	0	1	3	1	0	0	3	1	1	1	0	2	1	2	5	2	2	1	1	1	1	1	-1	0	2	1	2	0	3	2	2	3	4	4	1	0	5	-3	11
P53_12_24	P04637	PPLSQETFSDLWK	"[15, 20]"	[18]		2	10	10	14	15	14	14	2	5	13	23	50	3	10	9	10	10	12	13	3	4	10	20	42	8	19	34	39	48	53	57	10	21	57	110	221	5	12	18	20	24	26	26	6	10	25	47	95	4	10	14	13	16	20	21	4	8	18	35	75	2	5	7	11	11	10	11	0	2	9	17	33	2	5	10	8	10	11	9	1	3	8	15	36	5	16	20	23	27	30	32	6	9	28	54	110
P53_308_323	P04637	LPNNTSSSPQPKKKPL	"[313, 314, 315]"	[312]		1	1	0	0	1	-1	2	0	0	1	2	3	0	0	0	0	1	-1	0	0	0	-1	1	2	0	-1	1	0	0	0	-1	0	1	1	1	1	2	1	1	0	2	0	0	-1	-1	-1	0	3	1	-1	0	-1	1	1	2	0	0	1	1	2	1	1	1	2	1	1	2	0	-1	0	0	4	1	2	1	1	2	1	1	0	0	0	1	4	1	1	0	0	0	1	0	-1	0	1	2	5
COF1_17_29	P23528	DMKVRKSSTPEEV	"[23, 24]"	[25]		0	1	0	1	1	1	-1	0	0	1	-1	1	0	1	0	1	1	1	1	0	-1	0	2	1	0	1	-1	2	0	0	3	-2	0	1	1	1	0	1	1	0	1	-1	0	1	0	0	2	1	0	1	2	1	1	2	-1	-1	-1	0	0	2	2	2	1	0	0	1	-2	-1	0	-2	-2	2	2	2	0	1	0	1	2	0	1	2	1	4	0	1	0	2	1	0	0	1	0	2	3	4
C1R_201_213	P00736	ASGYISSLEYPRS	"[202, 206, 207, 213]"	[]		0	1	2	0	2	1	0	0	-1	-1	1	3	-1	1	2	1	1	1	-1	0	1	0	1	2	0	1	1	-2	1	3	-1	1	1	2	2	6	0	1	1	0	2	3	-1	0	2	1	4	4	2	3	0	0	0	2	-1	0	1	1	1	4	1	-1	-2	-2	1	2	0	-2	0	0	1	3	-1	0	0	0	0	1	0	-1	2	2	1	4	1	0	2	3	2	2	2	0	0	1	2	4
ATF2_47_59	P15336	VADQTPTPTRFLK	[]	"[51, 53, 55]"		2	-1	2	-2	1	0	1	-1	-1	1	0	-3	2	1	2	0	-1	0	1	0	2	-4	-1	1	2	-1	-1	0	-1	1	-2	0	0	1	-1	2	2	1	1	-3	1	0	0	0	0	1	1	4	1	2	-1	1	-1	0	1	1	-1	0	1	0	0	2	0	2	2	1	1	1	1	1	3	8	-1	2	2	2	1	-2	-1	0	0	0	-1	2	-1	-1	1	0	3	0	1	0	0	0	1	1
CDN1A_139_151	P38936	GRKRRQTSMTDFY	[146]	"[145, 148]"		25	111	174	223	268	301	338	73	143	362	724	1433	21	93	147	187	220	245	267	59	113	288	565	1138	26	105	170	220	259	292	335	75	147	365	718	1435	22	97	156	203	246	280	311	68	133	330	659	1300	17	80	125	162	196	221	252	54	108	265	530	1053	24	91	139	175	206	231	252	57	111	275	545	1087	24	93	143	182	214	237	262	60	114	292	575	1158	23	98	153	196	238	272	300	66	130	324	643	1282
CDN1B_151_163	P46527	IRKRPATDDSSTQ	"[160, 161]"	"[157, 162]"		2	0	0	0	-1	-1	-2	0	-2	-1	-4	-5	0	0	-1	1	-1	1	1	0	0	-1	-1	-1	0	0	1	-1	1	-2	0	2	1	-1	-1	-2	1	0	0	-1	-1	0	0	-1	-1	-1	0	-3	0	-1	1	0	1	0	0	-1	-1	-2	-1	-1	1	0	-1	1	0	-1	-1	0	0	-2	0	-3	1	-3	-2	-1	-1	0	-2	-1	0	2	0	-1	1	-1	0	0	1	0	-1	-1	-1	2	-1	-1
TOP2A_1463_1475	P11388	RRKRKPSTSDDSD	"[1469, 1471, 1474]"	[1470]		13	52	85	105	123	137	149	29	59	155	311	602	15	57	86	108	127	144	154	36	71	173	350	688	18	79	116	143	159	177	191	41	84	210	415	831	15	66	106	134	158	175	191	41	82	207	407	813	13	48	75	97	112	124	139	31	60	151	302	606	20	72	107	135	151	170	188	40	79	194	395	771	19	75	111	139	164	179	193	43	85	211	418	833	17	71	110	137	164	180	202	42	82	201	400	796
PRKDC_2618_2630	P78527	TRTQEGSLSARWP	"[2624, 2626]"	"[2618, 2620]"		3	5	7	8	8	9	9	4	2	9	19	39	1	5	2	5	6	6	5	0	1	6	11	23	4	9	13	18	19	23	26	6	11	25	51	108	6	8	10	14	16	16	20	4	8	18	37	74	-1	5	8	10	11	12	14	3	6	14	30	59	1	4	4	5	3	6	6	1	3	7	10	23	2	-1	2	5	5	5	6	2	1	6	8	20	3	8	10	14	15	16	17	4	6	17	33	66
MP2K1_281_293	Q02750	GDAAETPPRPRTP	[]	"[286, 292]"		-1	1	1	-1	-2	-1	0	1	0	0	-1	1	0	2	0	0	-2	0	0	0	0	-1	-2	-1	-2	2	0	1	0	-1	0	1	-1	-2	0	2	-1	-2	1	0	2	0	-2	0	0	0	-2	-1	1	0	1	-1	0	2	-1	0	0	0	0	0	1	2	0	-1	-1	1	0	1	-1	1	0	0	0	-1	1	1	1	1	-2	-1	2	0	0	1	1	0	0	2	1	-2	-1	0	-1	-1	0	1
MP2K1_287_299	Q02750	PPRPRTPGRPLSS	"[298, 299]"	[292]		1	0	1	0	1	2	2	0	0	1	5	4	3	1	1	0	2	0	0	0	0	0	2	4	3	2	2	3	4	7	5	-1	1	5	7	16	2	2	2	1	3	0	2	0	1	1	4	8	-1	2	2	2	2	2	1	0	-1	2	4	8	1	2	2	-2	3	2	3	0	2	2	5	6	1	1	1	1	1	0	1	-1	1	1	1	5	2	1	3	2	2	3	5	1	2	3	6	13
ELK1_356_368	P19419	LLPTHTLTPVLLT	[]	"[359, 361, 363, 368]"		0	0	0	-1	0	0	0	0	1	1	0	1	0	0	2	1	2	0	1	-1	2	-1	0	5	-3	1	2	-1	1	1	-1	0	0	0	0	1	0	0	2	1	-1	-1	-1	0	1	-1	1	1	0	-1	0	0	0	-2	0	0	-1	1	0	1	2	-1	-1	-2	2	1	1	1	-1	-1	0	2	0	1	0	1	0	1	-1	0	0	0	3	2	0	-1	2	0	1	0	0	1	0	-1	1	2
ELK1_410_422	P19419	ISVDGLSTPVVLS	"[411, 416, 422]"	[417]		0	0	-1	0	0	0	0	-1	-1	-1	1	0	1	-1	0	1	0	1	0	0	0	-3	0	1	-1	0	-1	-1	1	-2	0	0	0	-1	1	-1	-1	0	0	-1	-1	2	-1	1	0	0	0	0	1	-1	0	1	0	1	0	0	-1	1	1	-2	0	1	1	0	2	0	0	0	-1	1	0	1	0	1	0	0	0	0	1	0	0	0	1	1	2	0	-1	1	0	0	1	0	-1	-1	-1	-1
ERF_519_531	P50548	GEAGGPLTPRRVS	[531]	[526]		0	2	2	1	2	3	1	1	2	2	2	5	2	2	2	2	3	2	4	0	0	2	4	5	2	4	2	3	4	-1	4	-1	0	3	5	11	0	2	1	1	2	2	2	0	1	2	5	10	0	1	2	2	-1	1	3	0	1	1	4	8	1	3	2	2	1	1	2	1	-1	1	2	3	-1	2	1	1	3	0	3	-1	0	1	3	7	0	1	3	3	1	2	2	2	1	1	2	9
ESR1_160_172	P03372	GGRERLASTNDKG	[167]	[168]		6	28	42	51	57	64	73	15	31	79	158	316	7	29	42	54	63	70	77	17	32	83	165	335	10	42	67	86	102	119	134	31	60	147	294	587	8	39	60	77	90	105	114	24	49	120	239	483	9	30	48	61	72	82	92	18	37	96	191	381	9	35	48	62	68	77	84	17	37	90	181	362	8	34	52	61	71	79	84	18	37	93	187	376	10	43	67	84	101	115	128	30	56	137	273	544
IF4E_203_215	P06730	TATKSGSTTKNRF	"[207, 209]"	"[203, 205, 210, 211]"		1	0	0	1	1	1	0	0	1	0	3	2	-2	0	2	0	1	2	3	0	1	1	2	1	0	-1	0	0	0	2	2	1	1	1	2	6	1	1	-1	2	1	0	0	-1	0	1	-1	3	0	2	1	1	1	0	0	-1	0	1	2	3	1	0	1	0	1	2	3	0	0	1	2	2	0	2	1	1	2	4	2	1	2	1	2	7	2	1	0	1	-1	2	2	-1	-1	2	3	5
FRAP_2443_2455	P42345	RTRTDSYSAGQSV	"[2448, 2450, 2454]"	"[2444, 2446]"		5	9	11	12	15	14	16	3	6	14	29	57	4	5	8	9	7	10	9	1	3	8	17	30	4	10	11	11	14	13	15	3	6	16	31	60	6	8	12	13	13	15	16	2	3	14	30	55	3	4	4	5	8	9	7	1	3	7	13	23	5	1	10	12	10	10	15	0	4	12	21	43	5	9	13	12	14	12	15	3	5	11	27	54	2	7	10	11	13	13	14	0	5	14	27	50
FRAP_2475_2487	P42345	VPESIHSFIGDGL	"[2478, 2481]"	[]		0	1	0	2	-1	-1	1	0	0	1	-2	-1	-1	0	0	-2	1	-2	-1	1	0	0	0	0	3	0	1	-2	1	-1	-1	1	0	0	1	3	1	0	1	0	0	0	-1	1	1	1	-1	2	3	2	0	-1	-1	0	1	0	-1	1	0	1	0	0	0	-1	-1	-1	0	0	0	0	-1	2	-1	0	-1	2	-1	1	4	-2	0	2	0	1	0	0	0	0	0	0	1	0	1	0	-2	1
FIBA_569_581	P02671	EFPSRGKSSSYSK	"[572, 576, 577, 578, 580]"	[]		0	2	2	1	1	2	2	0	2	2	0	6	1	1	0	1	1	0	1	0	3	1	3	3	1	1	2	2	2	0	0	0	-1	2	2	3	-1	0	4	0	2	1	1	1	1	2	3	4	1	1	2	0	1	0	-1	1	1	2	2	5	-2	1	1	0	1	-1	2	0	0	-1	2	5	3	0	2	3	0	-1	1	0	1	-1	3	3	3	2	2	1	4	1	0	0	1	3	3	4
FOXO3_25_37	O43524	QSRPRSCTWPLQR	"[26, 30]"	[32]		3	7	9	11	12	11	15	3	6	14	27	55	1	5	6	4	4	5	7	2	1	5	9	21	5	9	12	14	16	18	20	4	8	18	39	75	5	9	13	13	14	17	19	4	6	16	33	65	2	5	7	6	10	8	11	2	3	9	19	38	1	3	8	6	7	7	9	-1	3	9	17	34	3	7	7	9	8	10	10	2	4	10	18	35	3	7	8	11	16	15	18	3	6	15	30	60
GPSM2_394_406	P81274	PKLGRRHSMENME	[401]	[]		6	19	27	29	34	36	38	9	15	42	81	161	7	14	18	19	23	25	25	5	10	24	50	101	6	19	22	26	27	29	32	7	12	34	65	132	7	15	23	25	27	32	34	6	13	34	67	130	7	11	12	12	15	17	19	4	7	16	35	70	8	17	23	28	32	32	33	7	13	34	67	135	8	22	30	37	39	40	46	9	18	46	92	182	7	18	23	28	31	31	34	6	13	35	67	137
GSUB_61_73	O96001	KKPRRKDTPALHI	[]	[68]		2	0	-1	2	2	2	3	2	0	2	2	4	0	1	-1	3	3	0	3	1	0	3	3	6	3	2	3	2	3	3	2	1	1	3	5	11	2	4	2	1	2	2	2	2	1	2	4	8	1	3	0	1	1	1	1	0	0	1	3	4	1	3	1	1	0	2	1	0	0	1	4	8	1	2	2	1	1	1	2	0	1	1	3	8	0	3	2	2	3	3	2	1	1	1	3	9
NMDZ1_890_902	Q05586	SFKRRRSSKDTST	"[890, 896, 897, 901]"	"[900, 902]"		11	37	50	60	70	78	79	16	35	84	163	335	9	27	38	45	53	58	59	11	24	60	123	238	14	45	66	76	87	97	102	22	42	111	217	442	12	40	57	71	82	89	95	19	37	94	190	372	9	26	36	45	51	56	63	13	24	63	124	247	14	47	69	78	91	100	107	20	42	104	209	413	12	44	58	71	80	86	93	20	40	95	198	391	12	36	56	66	74	83	90	17	37	87	170	338
GYS2_1_13	P54840	MLRGRSLSVTSLG	"[6, 8, 11]"	[10]		10	33	53	61	69	76	84	17	34	84	164	330	10	23	30	34	45	44	48	10	21	49	94	187	11	33	48	61	67	78	82	16	32	83	169	335	11	37	54	70	81	90	97	18	37	91	189	370	7	22	31	40	47	49	53	14	21	52	107	209	9	28	37	49	52	61	62	12	24	57	118	234	10	25	38	42	54	58	64	12	22	59	119	243	13	39	59	73	83	95	100	20	41	98	199	389
H2B1B_ 27_40	P33778	GKKRKRSRKESYSI	"[33, 37, 39]"	[]		4	6	5	5	5	5	5	0	1	4	15	23	4	5	5	2	5	3	6	0	2	5	6	15	5	8	11	11	9	11	14	2	4	10	24	52	3	6	8	7	10	11	11	0	4	10	17	37	3	2	3	3	4	5	4	1	2	4	7	18	1	3	5	5	3	5	7	2	2	3	7	14	-1	2	4	6	6	7	4	2	1	1	8	15	3	6	9	9	10	10	11	2	3	8	17	38
CENPA_1_14	P49450	MGPRRRSRKPEAPR	[7]	[]		5	14	18	24	24	25	27	5	11	29	56	113	4	6	8	12	12	13	13	2	6	13	30	52	6	13	19	23	24	29	31	6	12	29	60	120	7	19	24	27	31	34	35	7	14	36	72	145	2	11	15	19	21	23	24	4	9	25	49	95	4	8	12	14	17	16	19	3	5	18	33	68	5	10	14	13	14	16	17	4	6	16	33	65	6	13	17	20	25	27	28	6	11	27	55	108
H32_3_18	Q71DI3	RTKQTARKSTGGKAPR	[11]	"[4, 7, 12]"		0	2	1	2	3	2	3	0	1	2	4	7	0	1	4	0	3	3	2	0	2	0	2	4	1	1	3	4	3	2	2	1	1	4	6	12	1	0	2	4	2	4	2	1	1	2	4	9	-1	2	1	1	4	0	2	1	1	1	4	7	0	0	1	3	2	2	2	1	0	2	4	7	3	3	2	1	3	0	2	0	2	2	3	5	0	1	2	4	2	0	4	1	1	2	4	11
LIPS_944_956	Q05469	GFHPRRSSQGATQ	"[950, 951]"	[955]		7	19	27	34	37	38	46	8	16	44	86	172	4	17	23	29	31	35	36	6	14	34	69	132	6	22	26	28	32	34	38	7	14	37	71	145	8	17	28	33	35	38	41	8	17	40	78	154	4	13	15	17	22	23	24	5	8	22	45	92	9	19	27	33	39	44	47	9	17	42	84	165	9	22	33	38	43	45	49	9	18	47	97	194	7	20	29	34	40	44	45	8	16	42	84	168
IKKB_173_185_C179A	O14920	LDQGSLATSFVGT	"[177, 181]"	"[180, 185]"		-1	0	2	1	0	0	0	3	-1	1	1	4	-1	2	-1	-1	1	1	0	0	1	-1	-1	0	0	-1	1	-1	1	-2	-2	0	1	-1	-1	-1	0	1	1	2	1	1	0	0	0	1	-1	1	1	-2	1	0	1	-1	3	0	0	2	2	0	1	-1	-1	0	1	0	1	-1	-1	0	1	3	1	1	0	1	0	1	0	0	1	-1	1	3	-1	-2	2	-1	-2	0	-1	-1	1	0	1	2
IKKB_686_698	O14920	QLMSQPSTASNSL	"[689, 692, 695, 697]"	[693]		0	1	-1	-1	-1	-1	0	0	0	-1	0	-2	0	0	0	1	0	0	0	1	0	1	0	1	0	-1	1	1	0	1	1	0	1	1	0	0	1	-1	-2	-1	-1	-1	0	0	0	1	0	-2	0	1	0	0	1	-1	0	0	0	0	0	2	2	0	1	2	1	0	2	1	0	-1	0	1	0	1	2	-2	1	0	1	-1	1	1	1	1	1	-1	0	-1	-1	0	0	1	-1	-1	-1	1
KIF11_919_931	P52732	LDIPTGTTPQRKS	[931]	"[923, 925, 926]"		1	-1	1	-1	-1	-1	0	1	0	0	0	-2	0	-1	-1	2	0	-1	-1	0	0	0	0	0	0	1	0	3	0	2	0	1	1	1	-1	1	1	1	0	1	0	1	0	0	0	0	2	1	1	2	0	0	1	1	1	1	1	0	0	1	0	1	0	2	1	1	-1	0	1	1	1	2	0	0	-1	0	0	0	2	0	-1	1	0	1	0	0	0	0	-2	1	2	1	-1	0	-1	2
KIF2C_105_118_S106G	Q99661	EGLRSRSTRMSTVS	"[109, 111, 115, 118]"	"[112, 116]"		10	37	50	59	66	71	72	15	31	78	156	304	8	27	37	42	50	51	53	10	20	54	103	210	13	41	58	68	74	82	85	17	36	93	183	367	11	38	58	67	76	81	88	18	35	87	173	342	9	29	38	45	50	54	59	12	23	59	117	229	11	44	57	68	73	79	83	16	31	78	149	299	13	43	61	68	78	84	86	19	35	87	174	352	12	45	62	71	81	88	96	18	39	92	183	368
LMNA_192_204	P02545	DAENRLQTMKEEL	[]	[199]		0	-1	-2	0	0	-1	0	0	0	-1	-1	-1	1	0	-1	-1	0	2	-1	1	-1	1	0	0	-1	0	0	-1	-1	-1	-1	0	1	-1	1	-1	0	0	-2	2	-1	-1	1	0	0	0	1	0	0	0	0	1	1	-1	-1	-1	0	-1	0	3	-1	-1	0	-1	0	-1	1	1	0	0	0	1	1	0	-1	-1	1	-2	2	0	0	0	1	0	2	1	-2	-1	0	-1	-2	-1	1	0	-1	2
LMNB1_16_28	P20700	GGPTTPLSPTRLS	"[23, 28]"	"[19, 20, 25]"		-1	2	-1	2	0	2	1	0	0	0	1	2	-1	1	0	1	1	1	0	-1	1	0	1	0	2	2	1	2	1	-1	3	0	0	1	2	6	1	1	1	1	0	1	1	0	1	1	2	2	-1	2	2	1	1	1	-1	-1	2	1	1	3	0	-1	0	3	-2	0	-1	0	-1	1	2	3	0	2	1	2	-2	1	0	0	0	1	1	2	3	2	-1	0	0	1	2	0	0	0	2	2
MPIP1_172_184	P30304	FTQRQNSAPARML	[178]	[173]		2	2	1	2	2	1	1	1	0	2	4	8	1	2	1	1	2	3	-1	0	1	3	5	8	0	3	5	4	5	5	3	2	3	4	11	19	2	3	1	4	3	2	2	1	1	3	5	14	0	2	1	1	2	3	3	1	0	2	5	8	1	1	1	0	2	2	2	2	2	1	3	8	0	2	1	-1	1	2	2	0	1	4	4	8	3	3	2	4	6	5	5	1	2	4	7	16
MPIP3_208_220	P30307	RSGLYRSPSMPEN	"[209, 214, 216]"	[]		0	2	1	0	-2	1	2	0	0	1	2	0	0	1	0	0	1	2	0	0	-1	1	2	3	1	1	1	3	0	1	2	1	-1	1	0	6	1	1	1	-1	2	2	2	0	0	0	1	4	0	0	0	2	0	-1	-1	-1	1	2	1	2	1	-1	2	1	0	0	-1	1	-1	1	1	2	1	2	-1	1	1	0	2	0	1	1	2	1	0	2	0	1	2	-1	2	0	1	0	1	1
MPH6_140_152	Q99547	EDENGDITPIKAK	[]	[147]		1	1	1	0	-2	1	0	2	-1	0	-3	0	1	0	0	0	2	-1	0	1	0	0	1	-1	0	2	-1	-3	-1	0	-1	0	-1	-2	0	-2	-1	0	0	-2	-2	0	-1	0	0	0	0	1	-1	-1	0	-1	1	0	-1	0	0	0	-1	-1	-1	1	0	0	0	0	-2	1	-1	1	1	0	1	0	0	1	2	-1	-2	-2	0	1	0	1	-1	-1	0	-1	-1	0	-1	0	0	0	-1	0
CSF1R_701_713	P07333	NIHLEKKYVRRDS	[713]	[]		12	35	47	56	66	72	75	16	34	83	170	336	11	30	41	47	55	60	62	14	26	68	131	259	13	34	46	51	63	64	69	15	29	76	151	306	10	33	43	52	57	66	67	15	28	73	142	283	9	18	27	34	36	41	42	8	18	45	91	179	11	29	40	46	52	54	59	13	25	60	121	241	13	31	41	50	55	61	63	15	27	68	136	277	10	33	48	56	62	69	73	14	31	76	149	299
TAU_524_536	P10636	GSRSRTPSLPTPP	"[525, 527, 531]"	"[529, 534]"		0	1	1	1	1	2	2	1	-1	1	2	3	1	-1	0	-1	-1	1	1	1	2	2	2	-1	1	-1	2	2	3	1	5	1	-2	3	6	12	0	1	2	2	1	2	2	0	0	2	5	7	1	-1	0	1	3	1	2	-1	0	1	5	6	2	0	2	-1	2	1	2	0	0	1	3	4	1	2	1	1	-1	2	2	0	1	0	2	4	1	1	2	2	4	3	3	1	0	2	4	10
MK10_214_226	P53779	AGTSFMMTPYVVT	[217]	"[216, 221, 226]"		0	0	0	-1	-1	1	1	0	-1	1	1	0	-1	1	2	1	1	-1	0	0	0	0	1	0	1	0	0	1	4	1	-2	-1	-1	1	1	-1	2	1	0	0	0	0	1	-1	-1	-1	-1	1	-1	-1	-1	-1	2	1	0	1	0	1	1	1	0	-2	0	1	-1	-1	-1	-1	0	0	-1	-1	-2	1	0	-1	-1	0	3	-1	-1	0	1	3	1	-2	0	0	1	0	0	-1	1	0	0	1
ACM1_421_433	P11229	CNKAFRDTFRLLL	[]	[428]		2	3	2	3	1	2	2	1	1	3	5	11	1	2	2	1	1	0	2	1	0	1	4	6	2	3	1	2	2	4	3	0	1	1	6	13	1	2	0	2	3	3	-3	1	0	2	6	15	2	2	2	2	2	3	3	0	0	4	4	9	1	4	-1	1	3	3	1	0	0	3	2	8	4	0	0	1	2	1	1	1	1	1	3	9	3	3	2	3	4	3	1	0	1	2	7	11
ACM1_444_456	P11229	KIPKRPGSVHRTP	[451]	[455]		2	-1	0	3	2	2	2	0	0	0	2	6	1	3	0	-1	0	3	1	1	-1	0	1	2	2	3	2	2	3	0	4	0	1	3	2	5	2	3	3	2	2	1	2	0	1	3	3	6	1	1	1	0	2	2	1	0	1	1	2	3	1	0	2	2	1	0	0	0	0	2	4	6	0	1	2	1	1	0	0	0	1	0	3	5	2	2	0	2	2	2	3	2	2	0	4	7
ACM4_456_468	P08173	CNATFKKTFRHLL	[]	"[459, 463]"		0	3	2	2	2	2	4	1	1	3	6	11	2	3	1	2	2	1	3	-1	0	0	3	6	0	1	2	4	4	3	4	1	3	3	6	13	2	3	2	1	2	4	3	0	0	3	7	10	3	2	2	1	2	3	1	1	1	3	3	9	0	2	3	1	2	0	2	2	1	2	3	7	2	0	1	2	4	2	2	0	2	1	4	7	3	3	2	3	2	2	3	1	0	2	5	9
ACM5_494_506	P08912	CYALCNRTFRKTF	[]	"[501, 505]"		7	13	18	20	23	27	30	6	12	32	58	120	5	6	11	13	14	14	18	1	8	16	33	65	10	22	24	34	38	42	44	8	20	47	94	191	6	18	24	31	34	39	40	7	18	40	83	166	5	11	14	19	20	22	27	4	9	24	50	99	4	9	10	13	14	16	16	4	5	15	32	63	4	9	11	11	8	12	14	2	5	13	28	52	9	18	24	27	34	38	40	10	15	38	79	157
ACM5_498_510	P08912	CNRTFRKTFKMLL	[]	"[501, 505]"		4	4	4	6	4	6	7	0	2	3	11	27	0	3	3	6	6	5	5	2	1	4	8	14	4	8	9	10	10	12	13	2	5	12	25	50	2	6	9	8	9	9	10	1	2	8	17	36	1	4	7	4	5	6	6	2	2	4	9	23	3	4	3	2	1	5	4	1	1	4	6	14	2	4	2	3	4	3	3	2	2	3	4	12	2	6	6	7	8	9	9	1	3	8	16	34
MYBB_513_525	P10244	DNTPHTPTPFKNA	[]	"[515, 518, 520]"		-1	1	2	2	0	0	1	1	1	-1	0	0	0	-1	-1	0	0	-1	0	-1	0	1	1	2	1	0	-2	-1	-1	0	0	1	0	0	0	1	-1	-2	2	0	0	1	0	0	0	0	1	1	-1	0	1	-1	0	1	-1	1	0	-1	0	1	1	1	2	-1	0	1	-1	2	2	0	2	5	0	-1	-1	0	0	0	1	0	1	0	1	3	0	0	0	2	-2	-1	1	-1	-1	1	-1	2
MYC_51_63	P01106	KKFELLPTPPLSP	[62]	[58]		0	1	2	2	-1	-1	0	0	1	-1	1	0	0	-2	-2	1	-1	0	0	-1	1	2	1	4	0	1	0	1	0	-1	0	0	0	1	-1	2	2	0	0	0	-1	0	1	0	1	0	0	2	0	1	-1	2	1	1	-1	1	-1	0	0	5	0	1	-1	2	-2	1	0	0	0	2	1	2	0	1	0	2	1	-1	0	2	0	1	3	3	1	0	1	0	3	2	0	0	0	0	-1	1
MBP_222_234	P02686	HFFKNIVTPRTPP	[]	"[229, 232]"		2	2	2	5	3	4	1	0	1	3	8	12	0	2	0	2	1	3	1	-1	1	2	5	8	4	3	3	4	4	3	-1	1	2	4	9	18	2	1	4	5	3	5	4	2	2	6	8	16	0	2	5	5	2	4	4	1	0	4	6	14	1	3	4	2	2	1	1	0	1	3	7	12	1	3	2	3	3	5	3	0	3	2	7	12	1	1	2	3	2	5	2	1	3	4	7	16
MARCS_152_164	P29966	KKKKKRFSFKKSF	"[159, 163]"	[]		1	1	3	3	3	2	1	0	1	1	4	9	4	2	0	1	2	0	0	2	1	0	3	6	3	3	4	2	5	2	3	0	3	2	9	12	2	3	2	2	4	3	2	1	1	1	5	9	0	2	3	3	2	4	1	0	1	2	1	10	3	1	4	5	2	2	2	0	1	2	3	10	3	2	2	5	1	3	3	1	2	2	2	10	2	0	2	3	1	2	1	1	0	2	6	8
MARCS_160_172	P29966	FKKSFKLSGFSFK	"[163, 167, 170]"	[]		1	0	1	2	2	-1	2	1	1	2	4	7	0	2	1	1	1	1	0	0	0	1	3	7	4	4	2	3	3	2	3	1	1	5	6	12	-1	3	-1	2	1	1	2	0	0	0	6	7	3	3	0	4	1	3	2	1	1	1	5	6	2	2	3	2	3	1	1	0	0	3	4	9	0	2	2	1	1	1	0	0	0	1	4	6	3	3	3	2	3	2	2	0	2	1	3	8
IKBA_26_38	P25963	LDDRHDSGLDSMK	"[32, 36]"	[]		0	1	-1	-2	-1	0	1	0	0	1	0	1	1	0	0	1	0	3	2	0	-1	-1	1	1	0	-1	1	1	2	1	-2	-1	-1	-1	0	1	1	0	-1	0	0	0	3	0	1	1	1	3	-1	0	2	0	-2	0	-1	-2	-1	1	2	2	3	2	1	0	0	0	2	0	0	-2	1	1	0	0	0	2	2	2	0	-1	-1	0	0	2	-1	-1	-1	1	0	-2	0	0	2	0	0	0
NTRK3_824_836	Q16288	LHALGKATPIYLD	[]	[831]		1	0	1	-1	2	1	1	0	1	2	1	3	1	2	1	1	2	1	1	0	0	0	2	3	1	0	2	3	2	3	2	1	1	1	3	5	2	2	1	0	2	0	1	0	1	0	3	3	1	2	-1	1	1	0	1	0	0	1	2	4	1	2	0	0	0	1	2	-1	0	1	0	4	0	1	1	1	2	0	-1	0	-1	1	1	5	0	3	0	3	2	0	2	0	1	3	2	4
DCX_49_61	O43602	HFDERDKTSRNMR	[57]	[56]		0	1	0	1	2	0	1	1	-1	1	4	4	1	1	0	0	-2	2	1	0	1	2	1	2	2	0	2	-1	4	2	1	1	0	1	3	5	1	0	1	1	1	2	-1	1	-1	0	2	6	0	0	-1	1	1	2	1	-1	0	2	2	3	1	-1	1	2	-1	0	0	0	2	0	1	2	3	0	2	2	0	2	3	0	1	2	4	5	2	1	2	1	3	1	1	-1	0	2	1	3
NOS3_1171_1183	P29474	SRIRTQSFSLQER	"[1171, 1177, 1179]"	[1175]		6	20	28	36	42	46	51	8	21	51	103	208	5	17	23	28	34	35	39	7	14	39	79	152	7	17	31	36	42	45	51	9	21	51	102	207	7	22	33	42	49	53	57	12	23	57	113	225	7	16	20	25	32	34	36	7	14	38	76	151	7	21	28	34	37	41	45	9	18	44	83	167	8	18	27	32	36	39	42	7	18	45	87	177	7	25	35	42	51	58	63	13	24	57	113	226
NR4A1_344_356	P22736	GRRGRLPSKPKQP	[351]	[]		1	0	0	2	-1	0	4	0	-1	0	1	3	1	1	3	2	1	2	2	1	0	0	2	0	2	3	5	2	4	3	3	1	1	2	6	11	0	1	2	3	2	1	2	0	-1	3	2	6	0	0	3	1	0	2	2	-1	-1	1	1	6	2	3	2	1	4	1	1	-1	0	0	3	5	1	0	1	1	3	3	1	-1	1	0	3	6	1	3	2	3	3	2	0	0	1	1	4	10
PLEK_106_118	P08567	GQKFARKSTRRSI	"[113, 117]"	[114]		6	10	15	17	18	21	21	5	9	22	46	92	4	7	12	13	14	15	15	4	4	16	30	58	4	10	13	15	15	15	16	2	6	17	36	72	3	15	16	19	20	22	25	5	9	23	47	93	3	8	11	13	14	15	16	2	6	14	32	61	3	9	10	15	12	12	11	3	4	14	25	53	3	10	10	11	13	13	13	2	4	13	26	55	3	7	11	12	13	14	14	4	6	14	27	54
KCNA2_442_454	P16389	PDLKKSRSASTIS	"[447, 449, 451, 454]"	[452]		3	8	10	11	12	12	14	4	3	13	29	55	2	4	7	7	9	10	9	0	4	8	15	31	5	6	10	11	12	12	18	2	6	14	30	62	5	7	10	12	15	17	18	3	8	14	31	63	2	5	5	7	6	7	10	3	3	9	17	31	4	7	9	9	9	10	11	2	4	7	17	34	2	9	8	11	12	13	13	2	4	11	23	47	4	5	12	11	14	16	15	3	6	15	32	62
KCNA3_461_473	P22001	EELRKARSNSTLS	"[468, 470, 473]"	[471]		3	4	4	9	8	8	7	1	2	6	12	25	1	5	3	4	6	5	6	3	1	5	8	17	2	3	6	4	6	6	5	1	2	6	12	22	4	4	6	8	9	9	7	3	2	7	14	29	2	3	4	5	3	5	3	0	1	4	8	16	1	4	5	4	4	5	6	-1	2	5	8	20	3	4	5	8	8	7	7	1	2	6	14	23	1	4	6	7	6	6	8	1	2	7	15	30
KCNB1_489_501	Q14721	KWTKRTLSETSSS	"[496, 499, 500, 501]"	"[491, 494, 498]"		1	2	-1	2	1	1	-1	0	-1	1	1	3	2	0	1	0	2	0	1	1	0	0	0	4	-2	1	3	0	2	0	0	1	1	0	3	7	0	0	2	1	0	1	1	0	1	2	2	5	-2	2	2	1	1	1	1	0	1	-1	2	4	0	1	0	1	2	3	0	-1	0	2	1	4	0	-1	3	0	1	0	1	0	1	1	1	4	2	0	1	0	2	2	0	0	0	2	2	7
KPCB_626_639	P05771-2	AENFDRFFTRHPPV	[]	[634]		-1	2	2	1	1	2	0	1	1	2	4	5	0	2	0	0	1	2	-1	1	0	2	1	5	1	2	2	3	3	1	3	0	2	3	5	11	1	1	-3	3	3	3	2	1	0	1	4	7	1	2	1	0	3	0	1	0	2	1	5	4	1	1	1	1	1	0	0	1	0	2	1	4	1	2	0	1	1	2	0	0	1	2	2	4	0	1	1	1	1	2	0	0	0	3	3	6
KPCB_19_31_A25S	P05771	RFARKGSLRQKNV	[25]	[]		6	14	21	22	22	24	26	5	10	23	51	102	3	10	13	13	15	16	17	2	6	15	33	63	8	20	23	29	31	34	36	7	16	35	72	152	8	20	27	32	36	36	39	6	16	35	71	141	7	13	15	18	20	19	25	4	8	21	43	84	8	12	16	20	19	18	22	5	8	18	34	73	5	13	12	13	14	16	18	5	7	17	34	65	6	14	20	24	27	27	30	6	10	26	53	107
PPR1A_28_40	Q13522	QIRRRRPTPATLV	[]	"[35, 38]"		9	29	38	48	53	58	64	14	27	66	130	267	9	24	32	39	42	48	49	10	21	51	103	205	8	31	46	56	64	70	75	16	32	84	166	331	8	28	39	50	58	70	72	14	30	72	146	291	9	24	34	41	48	53	59	13	24	64	123	249	11	34	42	52	60	68	70	12	27	72	141	281	11	30	39	45	54	57	62	14	27	68	136	268	8	30	44	56	61	71	78	15	29	76	150	299
SRC_413_425	P12931	LIEDNEYTARQGA	[]	[420]		-1	-1	0	1	0	-1	0	1	0	-2	-2	-4	1	2	0	-1	-1	-2	-1	-1	-1	-2	-2	-2	-1	-1	-2	-2	-2	-1	-2	-1	0	-2	-4	-6	0	0	-1	0	-1	0	-1	-1	-2	-1	-3	-3	0	0	0	-2	0	0	-1	0	-1	-2	-1	-2	0	1	0	1	0	-1	3	0	0	0	-1	-4	-1	-1	0	0	-2	-1	0	0	-2	-2	-2	-4	-1	-1	-4	-1	1	0	-3	1	-1	-2	1	-2
AKT1_301_313	P31749	KDGATMKTFCGTP	[]	"[305, 308, 312]"		1	0	2	2	0	1	2	0	0	1	2	3	-2	0	-2	1	0	2	2	1	1	0	0	3	3	0	0	2	2	1	0	-1	1	2	1	3	1	1	1	2	3	2	1	0	0	1	2	6	1	2	-1	0	0	-4	2	-1	1	0	1	2	3	1	3	0	3	2	0	0	0	1	3	3	1	2	1	3	0	0	1	1	2	1	1	4	0	2	2	1	3	2	1	2	-1	1	1	5
RAF1_253_265	P04049	QRQRSTSTPNVHM	"[257, 259]"	"[258, 260]"		5	13	20	23	23	28	27	5	10	27	56	113	1	14	17	20	24	22	26	5	11	26	53	105	6	18	21	29	30	37	37	6	15	36	74	154	4	15	19	22	24	28	29	7	11	28	57	115	3	12	16	18	19	20	23	3	9	23	46	88	5	13	18	18	21	21	22	4	8	22	44	88	5	12	16	19	24	22	24	3	10	23	50	94	5	16	20	23	30	31	32	9	13	31	61	125
RAB1A_187_199	P62820	KSNVKIQSTPVKQ	"[188, 194]"	[195]		1	0	0	2	0	0	-2	0	-1	-1	-1	-3	0	1	0	0	0	0	1	0	1	0	-1	0	0	0	-1	-1	1	-1	0	1	1	-1	-2	0	1	-1	1	-1	1	1	-1	0	0	-1	0	1	1	1	-1	1	1	-1	0	1	-1	2	1	-1	2	1	1	2	1	0	1	0	0	0	-1	0	2	1	-1	0	-1	0	0	-1	-1	-1	0	1	-2	0	-1	-1	-3	0	-2	0	1	0	0	0
RAP1B_172_184	P61224	PGKARKKSSCQLL	"[179, 180]"	[]		3	6	5	7	7	7	11	2	3	6	13	25	1	4	4	5	6	5	7	1	3	6	10	20	3	8	8	11	11	14	15	0	5	12	25	49	3	6	9	9	10	12	9	2	3	9	18	38	1	5	6	7	4	6	8	2	3	6	12	25	3	5	7	7	5	6	7	2	2	6	11	23	2	3	4	8	6	4	7	2	3	7	14	22	4	7	9	10	10	12	12	3	4	8	19	39
ERBB2_679_691	P04626	QQKIRKYTMRRLL	[]	[686]		2	10	12	13	16	17	16	3	6	18	37	75	4	8	10	11	12	14	14	3	5	14	31	59	5	14	18	21	24	22	26	5	12	26	52	104	5	15	24	29	32	34	36	6	15	40	78	147	1	9	15	17	19	21	21	6	9	22	45	89	3	7	7	9	10	11	13	3	5	13	25	48	4	7	10	9	10	9	12	4	4	12	25	49	4	13	15	19	20	22	25	5	10	25	51	101
RB_242_254	P06400	AVIPINGSPRTPR	[249]	[252]		2	3	0	5	4	3	8	1	2	5	9	11	1	4	4	4	5	6	3	1	-1	3	5	13	-1	4	1	6	5	8	8	2	2	7	11	26	1	2	5	5	4	5	8	1	2	5	10	19	0	4	3	2	3	3	6	1	1	3	6	15	1	5	5	5	5	6	5	1	2	6	9	18	3	5	3	5	5	4	6	1	1	6	9	18	2	4	6	5	5	6	4	1	2	5	11	22
RB_350_362	P06400	SFETQRTPRKSNL	"[350, 360]"	"[353, 356]"		0	0	3	0	0	1	0	-1	3	1	2	2	1	1	0	-1	0	0	1	0	0	0	-1	1	0	1	1	1	0	-1	0	1	-1	1	0	-1	1	1	1	-1	0	2	-1	0	0	1	1	3	2	2	-1	0	1	0	1	-1	0	0	1	0	1	1	1	0	0	-2	-1	1	0	1	1	1	1	2	0	1	1	-1	3	0	0	2	1	2	-1	0	-1	-3	-1	-1	0	0	2	0	2	2
RB_774_786	P06400	TRPPTLSPIPHIP	[780]	"[774, 778]"		0	0	1	0	0	-1	-1	-1	-1	-1	-1	2	1	1	-1	1	2	1	0	2	1	1	0	0	-1	1	0	-1	-2	1	0	1	-1	1	2	4	0	0	0	1	1	-1	-1	0	1	0	1	0	1	1	0	0	0	1	2	1	0	0	1	1	1	-2	1	0	1	0	0	-2	1	0	0	3	1	0	-1	1	-1	1	1	1	-1	1	2	1	0	1	1	1	0	2	1	-1	0	2	3	2
RB_803_815	P06400	NIYISPLKSPYKI	"[807, 811]"	[]		2	2	0	1	1	1	3	1	-1	2	3	6	0	3	1	1	1	2	1	0	2	2	3	6	2	4	4	5	5	5	6	1	2	5	8	17	1	3	2	4	3	5	5	1	2	2	6	11	0	1	2	2	3	0	3	1	2	1	5	11	1	1	1	1	2	1	2	1	0	1	2	6	0	2	2	2	1	4	1	0	0	3	3	6	2	3	3	5	3	7	4	1	2	2	6	14
RBL2_632_644	Q08999	DEICIAGSPLTPR	[639]	[642]		0	-2	0	0	1	0	2	-1	0	0	1	0	1	0	1	-1	-2	1	0	-1	1	1	-1	-1	1	1	-2	-1	2	1	-1	0	1	1	1	1	0	0	1	1	-1	2	-1	-1	1	-1	0	2	0	0	0	2	0	1	0	0	-1	1	-1	0	0	0	0	2	1	0	2	0	1	0	-1	2	-1	-1	-1	0	1	0	0	0	-2	0	1	3	0	0	2	1	2	0	0	0	-1	1	1	1
RBL2_655_667	Q08999	GLGRSITSPTTLY	"[659, 662]"	"[661, 664, 665]"		1	0	4	4	5	5	6	1	2	3	8	17	2	0	3	2	2	4	4	0	3	3	5	13	2	5	5	6	6	7	10	1	4	6	14	27	3	4	5	6	5	7	8	1	2	6	13	27	2	4	4	6	6	7	7	1	2	3	10	18	1	3	2	4	1	5	3	0	1	3	5	14	-1	5	5	3	4	3	5	-1	1	1	7	11	2	2	1	5	6	7	7	1	2	5	10	20
RBL2_959_971	Q08999	DRTSRDSSPVMRS	"[962, 965, 966, 971]"	[961]		-2	-2	0	-2	1	-3	-1	-1	-1	0	-2	-3	1	0	0	1	2	2	0	1	0	-1	-2	-3	2	0	-1	0	2	-1	-2	0	0	0	0	0	-1	-1	0	1	0	1	-1	0	0	0	-1	-1	-1	0	0	0	-1	1	-1	1	0	0	1	0	0	-2	0	0	0	1	-1	0	-1	0	-2	-2	1	0	-1	-1	0	0	0	0	0	0	-1	-1	1	1	0	1	0	-2	1	-2	0	1	3	-1
KS6A1_374_386	Q15418	QLFRGFSFVATGL	[380]	[384]		1	2	1	2	6	2	0	1	-1	2	4	9	-1	1	3	3	1	2	3	1	0	2	5	8	2	4	3	5	6	2	6	2	2	5	10	18	1	2	2	4	4	1	5	0	1	5	6	14	3	-1	2	3	3	1	4	0	1	2	6	10	1	2	2	2	4	0	3	0	1	0	5	10	4	1	0	4	1	4	3	0	1	3	4	10	1	1	2	2	4	1	6	0	0	4	9	16
ATM_1972_1984	Q13315	KRSLAFEEGSQST	"[1974, 1981, 1983]"	[1984]		-1	-3	-2	-3	-2	0	-1	1	-1	-1	-4	-6	2	0	-1	-2	-1	-1	0	1	-2	-1	-1	-1	0	0	-1	0	-2	-1	-1	0	-1	-1	-1	-5	-1	-1	0	1	-1	-2	1	0	0	-2	-1	-1	1	-1	-1	-1	1	0	-1	0	-1	0	-1	-1	-1	0	0	1	-1	-1	-1	1	-1	-1	1	-2	0	1	-2	-1	0	-1	0	-1	0	1	-1	-2	2	1	-1	-1	0	-2	-2	0	1	0	-3	-3
STK6_283_295	O14965	SSRRTTLCGTLDY	"[283, 284]"	"[287, 288, 292]"		5	19	34	40	45	49	54	11	21	55	112	222	4	21	30	35	40	43	47	10	20	52	99	196	7	25	38	43	50	57	58	11	23	63	119	243	5	22	35	40	48	54	59	13	23	61	120	236	4	17	24	30	36	38	42	8	17	45	86	171	6	21	30	37	42	48	54	10	21	51	102	204	4	17	27	34	38	42	44	10	18	48	96	187	7	26	38	47	53	59	63	14	25	63	124	244
NEK2_172_184	P51955	FAKTFVGTPYYMS	[184]	"[175, 179]"		0	1	2	4	2	2	4	1	-1	3	5	9	1	1	2	2	0	3	-1	-1	1	3	3	7	1	4	2	4	4	2	2	2	0	2	6	9	2	0	4	3	2	2	3	0	1	2	4	7	2	1	1	1	1	3	2	0	1	1	3	8	0	2	3	0	2	1	3	0	1	1	4	9	1	1	2	2	2	2	2	0	0	3	4	8	0	3	1	1	0	3	2	0	0	2	5	9
NEK3_158_170	P51956	FACTYVGTPYYVP	[]	"[161, 165]"		1	3	2	2	5	4	4	0	1	2	4	9	1	2	1	1	1	0	2	-1	0	2	4	2	3	4	1	1	2	2	2	1	1	3	5	11	1	3	3	0	0	3	3	1	-1	0	3	6	-1	0	1	3	2	2	3	0	1	3	3	8	0	1	0	1	2	0	2	0	-1	-1	2	7	1	-1	2	2	0	1	3	0	-1	0	4	4	0	3	1	3	4	2	4	0	0	3	5	5
PP2AB_297_309	P62714	EPHVTRRTPDYFL	[]	"[301, 304]"		1	1	4	6	5	7	9	2	4	5	12	26	1	0	2	1	4	3	3	2	1	2	4	8	4	5	7	10	12	13	13	1	5	14	26	54	5	6	6	10	12	12	12	2	4	11	21	40	3	2	4	4	6	5	6	0	3	7	13	19	4	2	2	3	4	3	2	1	1	3	3	11	0	2	2	1	2	2	4	1	2	2	2	9	2	4	3	6	6	9	9	1	3	8	14	28
GPR6_349_361	P46095	QSKVPFRSRSPSE	"[350, 356, 358, 360]"	[]		6	13	14	19	18	24	23	4	9	23	48	98	3	10	10	14	16	15	15	1	6	14	27	61	4	10	15	16	18	19	21	5	8	21	42	88	6	12	17	19	22	26	27	4	11	24	50	99	3	7	9	12	12	12	12	2	7	14	26	52	5	11	13	17	16	16	16	3	6	18	33	64	5	12	16	14	18	20	20	5	7	20	38	75	6	15	19	22	23	27	27	5	11	24	51	99
STMN2_90_102	Q93045	AAGERRKSQEAQV	[97]	[]		3	11	13	19	20	21	25	5	8	23	46	90	1	11	17	18	21	22	21	5	7	22	45	92	7	12	19	20	23	23	23	4	10	23	42	93	5	11	18	20	23	26	27	3	10	24	48	98	3	11	10	13	14	14	14	2	6	17	29	60	6	13	18	20	20	25	24	4	9	24	49	100	6	16	22	24	26	29	31	6	13	28	60	117	6	13	21	20	22	27	28	7	12	25	50	96
TLE2_246_258	Q04725	EPPSPATTPCGKV	[249]	"[252, 253]"		1	-2	0	-1	-1	-1	-2	1	0	-1	-2	-1	0	0	0	-2	0	-2	-1	-1	1	0	-4	1	2	-3	-1	-3	-1	0	-1	-1	0	-2	-2	-1	0	0	0	-1	0	-3	0	0	-1	-1	1	0	1	0	0	1	-2	1	1	0	0	-1	-1	-2	2	1	1	1	1	-1	-1	0	0	-1	-1	0	0	2	-1	-3	0	1	1	-1	-1	0	0	1	0	-1	0	0	-1	-3	-1	0	0	-2	0	0
PTK6_436_448	Q13882	ALRERLSSFTSYE	"[442, 443, 446]"	[445]		15	62	85	104	123	132	139	30	61	156	299	595	15	51	71	92	102	110	123	24	50	127	250	486	18	67	95	114	123	138	155	32	62	159	312	612	14	62	91	114	132	147	160	34	66	162	313	632	12	42	61	75	83	93	103	21	43	103	211	413	17	64	90	110	128	137	144	30	60	147	290	581	16	66	96	114	136	143	151	30	64	164	323	636	14	63	92	115	130	146	158	33	62	156	307	602
VASP_150_162	P50552	EHIERRVSNAGGP	[157]	[]		13	42	64	80	88	94	104	21	41	102	208	418	13	43	64	77	84	93	99	23	41	106	214	419	10	40	55	66	71	77	84	17	32	80	170	332	9	44	63	77	83	94	98	20	41	102	199	397	8	24	35	41	46	50	54	10	23	56	116	228	17	54	77	91	104	109	119	23	47	118	236	460	16	61	87	107	121	129	139	29	57	142	291	573	11	47	63	78	89	95	104	21	37	100	197	389
VASP_232_244	P50552	GAKLRKVSKQEEA	[239]	[]		0	-1	0	0	0	0	0	2	0	1	1	0	1	1	0	1	2	-1	0	0	-1	0	0	-2	0	1	2	2	1	0	2	-1	0	1	3	2	1	2	0	1	2	2	1	0	0	2	1	3	0	1	1	1	1	0	1	-1	1	0	-1	1	2	0	1	1	2	1	1	-1	1	0	2	4	2	0	1	1	1	1	1	1	0	-1	2	2	1	1	1	0	-1	0	2	1	0	1	0	2
VIGLN_289_301	Q00341	EEKKKKTTTIAVE	[]	"[295, 296, 297]"		-1	0	1	-2	0	-3	-2	-1	-1	-2	1	2	0	0	-1	1	0	-1	0	1	0	0	0	0	1	0	3	0	-1	-1	-1	0	0	1	1	-1	3	0	1	0	-2	-3	-1	-1	0	-2	-1	0	-1	-1	1	0	-1	0	1	2	1	-1	1	3	0	0	1	0	1	2	2	-1	0	-2	0	3	0	0	0	2	1	1	0	-1	-1	-1	2	5	-1	0	0	0	0	0	1	0	0	0	2	3
CA2D1_494_506	P54289	LEDIKRLTPRFTL	[]	"[501, 505]"		3	1	2	2	2	2	4	1	0	4	6	8	1	2	2	-1	3	1	2	1	1	1	4	8	0	4	5	7	2	5	7	1	2	7	12	24	2	4	2	6	6	4	5	0	3	4	10	20	2	4	4	5	2	4	4	1	2	4	8	13	2	2	0	1	-2	3	2	1	1	3	3	8	1	3	1	1	3	4	5	1	2	2	3	7	4	4	3	6	5	7	8	1	3	6	10	21
BCKD_45_57	O14874	ERSKTVTSFYNQS	"[47, 52, 57]"	"[49, 51]"		-1	0	2	1	2	2	0	-1	-2	2	1	5	0	2	-1	1	1	2	3	-1	1	0	1	3	0	3	0	1	1	1	2	0	-1	0	2	5	0	1	1	2	-1	1	4	-1	2	2	3	7	1	0	2	1	1	2	2	0	0	0	3	2	-1	-1	0	1	1	1	1	1	0	2	0	3	0	0	2	1	2	1	3	0	1	1	1	4	1	1	1	-2	3	-1	-2	0	1	1	0	3
KAPCG_192_206	P22612	VKGRTWTLCGTPEYL	[]	"[196, 198, 202]"		2	1	3	4	2	3	3	0	2	2	6	10	2	3	1	2	3	4	2	1	-1	2	5	7	2	2	3	7	5	5	5	1	3	4	9	19	3	2	3	7	4	3	5	1	2	3	8	12	0	5	4	2	3	3	2	0	1	2	3	9	1	2	3	3	3	2	2	2	2	2	4	9	3	2	2	4	4	0	4	1	2	2	5	12	1	2	2	4	2	4	3	1	0	3	6	12
PDE5A_95_107	O76074	GTPTRKISASEFD	"[102, 104]"	"[96, 98]"		0	-1	0	2	1	2	2	0	-1	0	4	4	1	0	1	-1	2	2	1	1	0	0	2	5	3	1	4	4	5	2	5	1	1	3	4	10	0	5	2	2	3	2	3	0	2	3	3	9	0	2	0	2	3	2	2	0	0	1	1	5	-1	1	0	2	3	1	2	0	0	1	3	3	2	4	1	2	2	2	2	1	0	2	4	7	1	0	4	3	1	2	1	1	0	3	5	8
RS6_228_240	P62753	IAKRRRLSSLRAS	"[235, 236, 240]"	[]		13	47	69	83	99	107	116	25	49	121	238	476	10	43	64	80	93	103	110	25	46	116	230	454	12	46	64	76	85	92	102	21	42	105	210	415	15	48	69	85	99	107	121	23	50	120	238	478	10	33	48	57	64	73	80	16	32	80	164	327	15	60	86	108	126	138	146	33	63	158	314	628	16	56	82	96	111	123	133	29	58	144	289	571	11	43	62	78	87	96	105	22	42	106	211	418
F263_454_466	Q16875	NPLMRRNSVTPLA	[461]	[463]		26	131	207	271	318	355	371	85	163	397	790	1556	28	145	226	289	340	376	405	88	175	433	856	1683	32	151	221	274	308	341	354	76	147	373	733	1455	26	129	199	253	294	328	355	76	152	371	740	1471	22	98	152	194	220	247	268	60	116	284	567	1121	35	165	255	321	370	406	445	99	195	486	958	1917	34	165	258	332	378	423	455	98	199	486	969	1914	28	135	207	262	311	339	363	77	152	381	751	1491
ADRB2_338_350	P07550	ELLCLRRSSLKAY	"[345, 346]"	[]		7	32	41	52	60	67	74	16	30	77	152	313	5	25	35	46	51	58	63	13	29	65	133	262	10	32	46	57	67	67	76	14	31	80	160	317	7	31	44	56	63	72	76	16	33	80	156	319	5	19	27	36	38	43	47	10	19	49	96	198	8	37	55	66	79	90	98	20	41	104	205	414	10	34	51	61	71	80	82	17	36	90	176	361	8	27	42	53	60	70	73	15	29	76	147	296
KCC2G_278_289	Q13555	VASMMHRQETVE	[280]	[287]		11	39	58	77	92	104	117	21	41	102	203	410	9	29	51	66	79	95	103	17	35	89	175	349	13	52	81	110	129	149	168	29	59	149	298	588	10	40	63	86	104	117	132	25	47	115	230	455	7	32	52	73	89	99	114	20	41	101	200	399	10	32	51	70	86	96	109	19	36	89	176	351	10	38	59	74	92	107	119	19	41	98	202	394	9	38	66	84	101	119	136	24	47	113	229	460
CGHB_109_121	P01233	QCALCRRSTTDCG	[116]	"[117, 118]"		1	2	5	6	5	7	4	3	3	7	16	28	2	3	6	7	8	8	8	0	3	7	15	29	2	4	9	7	7	8	8	3	4	9	20	37	0	6	9	6	9	9	10	1	4	9	16	35	1	3	4	4	5	5	5	0	2	6	12	23	1	5	7	7	10	8	8	2	4	9	17	35	2	6	6	8	9	8	8	2	4	10	18	37	2	4	6	7	9	9	9	3	2	9	17	37
CFTR_730_742	P13569	EPLERRLSLVPDS	"[737, 742]"	[]		10	49	71	90	104	114	124	23	49	129	258	508	12	48	74	88	103	109	119	26	49	125	247	496	13	51	74	88	99	105	114	23	46	113	229	448	9	44	70	86	96	109	114	23	48	117	230	457	7	27	42	53	60	62	68	14	28	70	140	271	15	66	94	117	136	148	162	32	68	169	333	667	15	63	95	116	131	141	153	33	62	161	316	630	10	44	70	86	100	109	116	23	46	116	224	456
CFTR_761_773	P13569	LQARRRQSVLNLM	[768]	[]		26	136	224	289	345	384	422	95	185	466	912	1807	28	141	234	299	351	396	432	92	184	451	907	1786	34	174	274	338	396	433	473	98	195	500	992	1955	27	142	233	305	361	412	449	98	193	476	954	1889	22	107	172	220	263	296	320	72	142	346	697	1382	36	175	281	359	429	479	521	121	237	590	1164	2291	35	175	285	371	436	492	542	120	236	584	1162	2267	31	150	242	321	380	427	470	100	199	487	980	1943
DESP_2842_2854	P15924	RSGSRRGSFDATG	"[2843, 2845, 2849]"	[2853]		8	14	23	24	28	29	31	5	10	28	55	108	9	16	21	24	29	32	31	6	12	28	58	115	9	23	26	32	35	38	38	7	14	37	74	151	9	21	28	29	36	36	38	8	13	35	69	139	4	10	13	14	14	16	17	3	7	15	31	60	8	21	25	31	34	35	35	7	14	34	67	139	7	22	29	32	36	38	39	6	16	35	74	149	6	21	26	33	36	38	38	6	13	31	68	133
E1A_ADE05_212_224	P03255	AILRRPTSPVSRE	"[219, 222]"	[218]		7	27	40	47	53	55	65	13	26	67	133	264	8	32	48	59	66	69	76	17	31	83	163	337	10	33	46	54	64	71	76	14	32	77	154	309	10	32	48	55	62	68	72	15	30	77	154	305	8	24	36	46	50	57	60	14	27	64	132	264	5	24	32	37	41	48	49	10	20	54	107	205	7	28	36	43	50	53	56	12	25	59	121	245	7	29	45	53	61	64	73	14	29	72	140	282
EPB42_241_253	P16452	LLNKRRGSVPILR	[248]	[]		14	55	82	94	109	118	133	25	53	130	260	526	16	58	83	100	118	130	140	29	62	156	300	610	16	61	83	98	107	118	128	25	52	131	260	519	17	57	83	101	115	127	138	27	56	139	279	561	13	34	49	61	65	77	80	16	35	86	174	345	18	57	78	95	110	119	129	27	55	133	264	526	19	58	83	100	112	123	132	28	56	141	281	554	16	57	80	98	110	123	131	27	54	129	256	515
GBRB2_427_439	P47870	SRLRRRASQLKIT	"[427, 434]"	[439]		12	50	78	102	112	125	137	30	55	144	286	576	14	56	85	106	122	135	151	34	68	166	321	643	21	85	118	148	165	180	196	40	78	197	401	790	17	69	105	135	155	173	188	40	80	200	390	786	11	42	67	85	100	108	119	28	51	131	260	516	13	61	91	110	130	145	156	32	65	162	329	655	13	60	94	113	128	141	156	32	68	167	343	674	16	67	100	128	144	159	173	34	69	176	344	684
GRIK2_708_720	Q13002	FMSSRRQSVLVKS	"[710, 711, 715, 720]"	[]		20	87	137	171	201	224	243	51	104	250	514	1021	17	87	132	168	199	217	247	50	101	253	507	998	22	92	140	173	196	217	236	49	98	248	494	980	16	80	129	168	197	220	242	49	100	246	494	990	12	63	96	123	143	162	174	38	74	186	373	727	30	136	217	278	327	367	400	89	176	431	864	1703	26	124	197	247	292	327	356	79	155	382	757	1501	17	82	131	168	196	215	237	48	99	243	492	976
PYGL_8_20	P06737	QEKRRQISIRGIV	[15]	[]		0	0	1	1	2	1	1	0	0	0	1	-4	0	0	1	0	0	0	0	0	0	0	1	3	2	3	4	5	4	3	6	1	2	3	3	15	2	2	3	3	4	3	5	2	1	6	8	15	1	2	2	5	5	3	3	0	2	3	-1	11	1	-1	2	2	2	2	1	-1	0	-1	0	2	-1	2	-2	1	-1	0	0	0	1	1	1	0	1	1	2	3	5	3	4	0	3	4	8	17
MYPC3_268_280	Q14896	LSAFRRTSLAGGG	"[269, 275]"	[274]		20	78	119	152	173	191	206	45	88	222	440	868	19	78	115	145	168	188	207	43	85	208	425	831	19	84	123	150	175	184	202	41	81	205	407	810	18	73	117	146	168	187	205	42	85	211	421	839	11	57	84	103	120	135	146	32	61	152	302	607	23	101	157	194	226	253	273	61	118	303	591	1178	24	103	156	197	225	254	269	57	118	289	574	1142	18	78	122	151	175	195	206	45	87	212	433	851
ART_025_CXGLRRWSLGGLRRWSL	NA	GLRRWSLGGLRRWSL	NA	NA		14	45	62	76	87	92	107	23	44	107	209	425	12	44	61	75	89	94	105	20	45	109	212	418	15	50	69	83	92	100	107	20	44	110	219	425	13	43	66	78	91	101	109	21	43	108	219	424	8	30	42	52	58	65	69	15	28	72	147	293	16	55	79	95	106	119	127	27	53	134	263	528	16	47	71	83	94	104	114	23	44	117	231	458	11	43	62	77	90	100	103	21	42	102	203	398
NCF1_296_308	P14598	RGAPPRRSSIRNA	"[303, 304]"	[]		14	53	79	107	119	136	148	30	61	149	289	570	15	59	85	103	125	138	149	29	59	150	303	591	15	63	98	116	132	145	162	31	63	160	319	641	15	67	101	128	146	163	180	37	75	183	366	736	12	47	70	88	100	117	126	25	48	126	247	499	17	72	104	130	152	169	185	39	76	188	380	755	18	67	106	134	149	168	185	37	75	188	378	753	15	61	95	119	141	156	169	34	70	169	334	670
NCF1_321_333	P14598	QDAYRRNSVRFLQ	[328]	[]		10	33	47	60	71	78	84	18	34	84	173	344	10	35	49	62	72	82	87	17	36	88	174	355	10	31	46	55	62	68	74	15	28	73	149	287	10	36	55	66	76	83	89	19	37	90	183	361	7	25	37	45	51	57	62	13	25	63	128	248	11	42	63	80	93	101	106	24	45	116	230	460	9	44	69	86	96	108	118	26	50	124	247	486	11	35	52	66	74	79	89	18	36	85	172	344
NFKB1_330_342	P19838	FVQLRRKSDLETS	"[337, 342]"	[341]		6	23	30	39	40	45	50	11	19	51	102	211	8	23	33	39	47	52	55	11	20	59	117	227	10	35	51	59	70	74	81	16	33	85	166	329	8	34	48	59	65	75	79	15	33	80	165	327	8	21	30	39	46	51	56	11	24	57	115	229	7	25	33	43	45	48	53	11	23	56	109	217	8	24	35	41	47	51	54	12	21	55	109	226	10	34	51	62	71	76	82	17	34	84	170	335
PLM_76_88	O00168	EEGTFRSSIRRLS	"[82, 83, 88]"	[79]		7	16	24	28	36	30	38	8	17	42	82	161	7	20	29	34	41	44	48	11	21	51	104	207	6	18	24	30	33	36	37	8	15	40	76	151	9	22	33	39	45	49	51	11	21	54	109	218	4	12	17	19	24	27	28	7	14	31	63	127	4	14	20	27	28	28	31	6	14	32	64	127	7	20	23	31	33	34	38	7	16	39	79	156	10	22	32	38	44	49	51	11	21	55	109	214
KPB1_1011_1023	P46020	QVEFRRLSISAES	"[1018, 1020, 1023]"	[]		10	41	60	73	82	91	95	20	38	100	194	389	8	38	55	70	76	86	89	19	34	92	180	360	12	45	65	77	85	93	99	21	40	101	205	404	8	42	62	75	87	91	101	18	42	102	201	400	7	24	38	44	53	57	59	12	23	61	119	241	14	52	78	94	109	116	128	25	52	131	259	514	13	50	72	90	100	108	120	23	49	125	241	483	10	41	64	77	89	98	101	23	42	103	207	406
KCNA1_438_450	Q09470	DSDLSRRSSSTMS	"[439, 442, 445, 446, 447, 450]"	[448]		1	4	5	5	3	5	6	0	2	4	9	16	2	5	6	5	6	6	4	0	1	3	7	21	4	6	5	5	7	8	7	2	2	4	8	21	3	4	7	9	5	9	9	1	2	7	9	22	1	3	4	5	4	8	4	0	2	3	7	10	3	5	7	4	7	8	7	2	2	6	9	22	3	4	7	7	8	9	8	2	3	9	10	21	2	4	5	7	9	8	9	2	3	6	12	23
KCNA6_504_516	P17658	ANRERRPSYLPTP	[511]	[515]		27	135	209	270	317	346	381	83	164	410	806	1583	31	155	236	290	343	366	403	89	174	435	869	1724	31	133	193	230	259	282	303	64	121	304	613	1220	27	128	199	246	286	317	341	75	142	355	702	1413	21	102	155	193	220	240	263	56	110	277	553	1099	42	184	279	336	383	424	459	102	194	494	976	1938	40	187	284	350	404	441	477	104	209	513	1003	2003	28	135	209	255	293	326	349	75	145	364	713	1422
RADI_559_569	P35241	RDKYKTLRQIR	[]	[564]		3	1	0	2	0	0	0	1	0	1	0	0	1	1	1	0	-1	3	-1	-1	0	1	2	2	2	1	1	3	2	2	1	0	0	1	4	2	-1	0	2	0	2	0	2	1	-1	2	2	3	0	2	0	0	1	1	-1	-1	1	-1	2	0	0	2	1	1	0	0	3	0	-1	-2	3	4	2	0	1	2	0	1	1	1	0	1	0	2	3	0	0	0	1	1	1	0	1	1	2	3
RYR1_4317_4329	P21817	VRRLRRLTAREAA	[]	[4324]		7	23	32	37	43	47	51	11	19	51	106	213	4	22	31	36	45	46	51	10	21	52	106	209	5	17	22	26	29	31	37	8	14	35	73	143	6	26	34	41	46	49	52	11	25	55	110	220	7	20	28	32	39	42	45	10	19	46	93	185	1	19	29	34	37	38	42	8	18	45	90	179	5	21	31	35	37	44	45	9	19	47	97	186	5	20	28	34	38	40	45	9	18	43	86	174
SCN7A_898_910	Q01118	KNGCRRGSSLGQI	"[905, 906]"	[]		9	24	35	38	47	43	50	10	18	49	95	188	9	26	33	41	45	47	51	10	21	52	100	198	9	24	33	36	40	43	42	9	16	39	85	173	7	25	34	42	43	49	51	9	18	48	96	193	6	16	19	25	25	27	29	5	9	28	56	111	13	36	47	53	57	62	68	13	26	66	131	259	11	31	42	50	55	57	62	13	23	61	118	243	7	27	34	42	46	49	49	9	20	47	93	189
SRC8_CHICK_423_435	Q01406	KTPSSPVYQDAVS	"[426, 427, 435]"	[424]		0	1	-1	0	0	-1	-3	1	0	0	-2	-6	-1	0	-1	-2	1	0	-3	0	-2	-1	0	-5	-1	0	0	-2	-2	-2	2	1	0	0	0	0	-3	1	0	0	0	1	-1	1	0	-1	0	-2	-1	0	2	-1	0	-1	2	1	1	0	-2	-1	1	-1	0	0	-1	1	0	2	1	0	-2	-2	0	2	-1	0	0	0	-1	0	-1	-1	-2	-3	0	1	0	-2	0	1	-2	0	0	0	1	-1
TY3H_65_77	P07101	FIGRRQSLIEDAR	[71]	[]		15	51	75	88	104	110	118	26	50	130	252	508	17	63	89	108	121	132	141	30	60	148	295	588	17	63	90	102	116	119	130	24	51	127	262	516	18	71	102	119	137	141	151	32	64	156	310	617	13	42	61	73	78	86	89	20	38	96	188	381	20	69	95	109	123	132	143	31	60	147	297	582	19	71	98	114	133	142	151	31	65	156	318	627	19	69	97	118	134	145	153	32	62	152	306	606
PTN12_32_44	Q05209	FMRLRRLSTKYRT	[39]	"[40, 44]"		11	38	58	72	81	90	97	19	40	102	202	402	10	45	66	80	92	101	107	24	47	116	231	450	17	64	88	107	115	128	133	26	55	136	269	543	16	71	107	131	150	167	178	36	75	188	368	735	12	47	73	86	98	113	119	25	50	129	251	504	15	47	66	81	91	99	108	23	44	110	225	450	11	46	70	82	92	104	109	23	46	117	234	461	12	48	69	85	95	106	112	23	46	113	225	448
VASP_271_283	P50552	LARRRKATQVGEK	[]	[278]		5	13	14	20	23	25	28	6	9	26	51	103	3	11	16	18	22	25	28	6	10	27	54	104	9	31	47	59	68	72	81	16	31	79	155	311	4	22	32	40	43	50	53	11	21	51	101	204	3	13	19	23	29	31	34	6	12	29	60	125	6	13	18	21	22	24	26	4	11	26	51	104	4	11	19	20	22	25	26	5	11	27	53	106	6	19	27	38	38	45	50	8	19	46	94	182
VTNC_390_402	P04004	NQNSRRPSRATWL	"[393, 397]"	[400]		8	34	52	67	78	86	94	18	40	100	196	388	9	37	58	73	85	92	102	19	43	105	206	399	11	41	58	75	82	90	95	19	36	91	186	374	7	35	55	69	80	90	98	18	38	95	191	379	6	26	41	45	55	59	62	13	25	65	132	259	10	45	64	81	94	106	114	24	50	120	243	490	9	43	68	87	98	107	118	24	49	124	246	495	7	40	60	75	86	95	102	19	40	102	203	404
CAC1C_1974_1986	Q13936	ASLGRRASFHLEC	"[1975, 1981]"	[]		15	46	67	86	95	103	110	23	47	122	244	468	10	41	60	75	87	93	102	23	42	107	215	425	15	52	74	86	95	107	112	22	48	119	230	466	13	47	72	89	101	110	119	23	50	125	249	495	8	33	44	56	64	71	72	16	31	78	158	313	17	65	96	113	134	147	159	35	67	166	337	666	14	56	83	102	119	127	137	29	59	148	294	590	13	46	71	86	101	109	118	25	45	120	243	468
CREB1_126_138	P16220	EILSRRPSYRKIL	"[129, 133]"	[]		5	20	31	35	43	45	50	10	20	55	113	216	5	20	32	39	46	47	52	12	21	56	113	221	10	28	41	47	52	58	63	12	26	63	130	258	6	29	46	52	63	66	76	15	31	77	155	307	5	19	28	36	41	43	50	11	20	52	104	206	8	24	37	40	48	52	58	11	24	62	121	243	10	23	37	43	49	56	60	12	25	62	124	246	5	22	37	42	48	52	58	12	22	57	115	233
KAP2_92_104	P13861	SRFNRRVSVCAET	"[92, 99]"	[104]		13	42	62	80	88	95	107	21	43	113	224	442	9	34	49	64	78	80	88	20	39	92	189	373	9	46	67	77	88	98	105	23	44	112	222	444	11	41	63	79	92	99	108	23	46	113	230	451	8	27	44	54	64	71	73	16	30	80	159	323	13	51	74	96	107	123	127	28	58	143	279	554	10	45	69	86	99	109	113	25	47	121	242	485	11	42	68	82	95	105	115	22	48	120	235	463
KAP3_107_119	P31323	NRFTRRASVCAEA	[114]	[110]		14	58	93	117	131	146	157	34	67	169	331	649	15	66	98	123	139	154	168	37	71	178	358	715	19	83	118	147	165	180	191	40	81	200	400	802	18	73	111	141	162	179	193	40	82	204	402	808	11	54	79	99	116	127	137	29	59	148	300	595	18	74	113	140	159	174	188	43	82	206	402	792	18	74	109	136	159	170	188	42	83	202	408	804	17	82	124	152	175	198	209	45	87	217	426	843
pTY3H_64_78	P07101	RFIGRRQ(pS)LIEDARK	[71]	[]		28	117	179	235	279	311	341	77	151	374	742	1462	23	102	155	194	228	251	276	59	115	284	573	1145	33	146	225	287	333	379	416	91	181	447	892	1764	23	107	170	222	266	298	332	71	143	355	704	1402	20	99	160	212	255	287	316	68	138	338	668	1323	26	112	171	216	252	284	305	70	137	335	672	1343	28	113	175	222	260	291	317	70	141	345	690	1358	24	112	177	227	272	308	339	75	149	367	716	1451
pVASP_150_164	P50552	EHIERRV(pS)NAGGPPA	[157]	[]		15	53	79	96	111	116	127	27	52	137	274	546	18	67	97	120	138	154	163	34	68	172	345	674	26	102	143	176	205	226	249	51	103	257	521	1026	21	89	124	155	178	194	214	42	86	221	432	873	16	72	111	139	160	175	189	40	77	198	403	798	16	64	99	118	133	146	158	36	68	165	329	651	17	65	91	113	127	141	150	32	67	164	323	649	24	94	136	168	190	209	229	49	98	233	472	932
#REF	NA	NA	NA	NA		299	304	295	300	293	297	292	66	129	322	633	1252	271	269	267	266	266	265	266	62	117	296	591	1171	288	290	293	291	289	281	298	64	133	336	672	1343	323	328	331	329	333	315	319	71	146	360	722	1445	331	332	329	326	329	329	330	74	146	369	735	1482	324	315	319	314	310	312	312	73	147	354	714	1431	328	338	328	336	317	334	331	74	147	381	749	1493	337	330	324	325	329	326	319	76	149	371	736	1455
#REF	NA	NA	NA	NA		295	264	251	250	242	248	275	63	127	312	628	1232	270	269	268	266	269	264	266	60	116	293	573	1137	290	295	291	299	297	290	288	66	138	344	670	1356	317	324	318	320	315	311	320	71	140	349	697	1398	324	330	326	322	323	318	317	73	145	375	718	1432	322	319	319	317	317	312	305	74	144	357	705	1416	327	332	332	329	331	330	329	75	151	381	757	1476	328	327	321	318	319	319	313	71	145	359	721	1427
#REF	NA	NA	NA	NA		258	264	262	251	263	254	255	61	123	303	612	1226	275	282	282	280	276	273	276	63	124	310	617	1211	268	280	293	281	279	286	288	66	131	334	653	1323	321	332	323	333	332	333	323	73	147	370	740	1463	314	321	324	316	311	318	319	74	146	358	726	1426	320	326	314	321	315	316	312	70	142	355	696	1392	323	322	324	325	318	316	313	72	146	362	733	1426	315	323	325	322	322	326	315	72	145	359	736	1456
#REF	NA	NA	NA	NA		289	293	290	298	298	295	295	63	134	324	641	1261	266	267	270	262	265	259	263	59	115	289	576	1141	278	289	289	286	285	287	283	67	130	326	651	1302	329	336	329	335	338	331	326	73	148	366	740	1470	328	325	319	327	319	314	315	71	145	363	715	1428	325	331	321	323	325	329	321	75	146	367	729	1441	326	334	337	334	330	326	322	76	150	380	759	1490	330	335	335	331	326	326	328	73	147	361	728	1475
#REF	NA	NA	NA	NA		271	270	281	274	267	267	265	65	128	322	642	1274	282	294	292	289	292	289	286	67	127	325	637	1270	299	300	288	296	290	296	287	70	136	336	673	1348	326	335	338	336	335	329	330	76	150	381	740	1476	326	334	342	340	333	327	332	77	149	370	754	1496	339	339	339	337	333	332	333	77	150	373	733	1468	340	348	346	346	345	342	338	78	155	385	766	1502	327	336	340	335	335	333	331	77	152	375	753	1500
#REF	NA	NA	NA	NA		255	272	265	263	264	265	269	65	127	322	643	1275	277	280	283	283	280	277	280	64	126	313	629	1237	274	283	286	287	279	282	280	67	131	332	651	1289	314	325	320	327	323	307	313	72	144	350	708	1411	314	332	328	322	324	324	326	74	146	361	719	1453	319	324	321	322	315	311	315	69	139	348	696	1382	312	314	315	313	321	309	309	73	142	357	726	1444	320	323	327	327	327	323	321	74	146	365	717	1446
#REF	NA	NA	NA	NA		251	246	239	247	244	241	291	66	129	329	645	1324	279	269	275	274	265	269	271	63	117	300	597	1191	295	298	301	296	297	293	289	70	136	341	691	1360	323	324	326	326	325	324	323	73	144	364	717	1431	319	309	312	307	309	319	310	72	143	356	693	1399	324	323	323	319	320	318	317	76	143	370	728	1451	340	337	341	339	343	339	339	79	158	384	774	1527	330	324	330	321	328	327	323	72	147	355	714	1415
#REF	NA	NA	NA	NA		243	252	250	245	240	243	244	61	115	286	578	1151	256	260	267	260	264	261	264	60	117	301	588	1169	269	276	276	273	270	272	274	63	126	311	626	1264	304	323	317	312	314	315	314	70	141	351	694	1391	303	314	315	310	309	308	309	69	142	350	693	1379	305	308	306	303	304	297	298	68	131	332	657	1315	314	314	314	308	313	306	305	71	143	346	691	1371	312	320	317	313	319	317	314	71	140	354	704	1390